few,Ice,Aun
Title,Faro,Bhum
